name: uma-dev
channels:
  - conda-forge
  - defaults
dependencies:
  - bzip2=1.0.6=1
  - cython=0.28.4=py36hfc679d8_0
  - ffmpeg=3.4.1=hf82bc7d_4
  - fftw=3.3.8=h470a237_0
  - fontconfig=2.12.6=0
  - freetype=2.8.1=0
  - geos=3.6.2=hfc679d8_2
  - gettext=0.19.8.1=0
  - ghostscript=9.22=hfc679d8_1
  - giflib=5.1.4=h470a237_0
  - gmp=6.1.2=hfc679d8_0
  - gnutls=3.5.17=0
  - graphite2=1.3.11=h7d4d677_0
  - graphviz=2.38.0=hbeef861_8
  - icu=58.2=hfc679d8_0
  - imagemagick=7.0.8_6=pl522_0
  - jbig=2.1=0
  - jpeg=9c=h470a237_0
  - libffi=3.2.1=3
  - libiconv=1.15=h470a237_1
  - libidn11=1.33=hf837533_0
  - libpng=1.6.34=ha92aebf_1
  - libtiff=4.0.9=he6b73bb_1
  - libuuid=1.0.3=1
  - libwebp=0.5.2=7
  - libxcb=1.13=h470a237_1
  - libxml2=2.9.8=h422b904_2
  - nasm=2.13.02=0
  - nettle=3.3=0
  - openblas=0.2.20=8
  - openjpeg=2.3.0=h316dc23_3
  - pandas=0.23.3=py36_0
  - pango=1.40.14=0
  - pcre=8.41=1
  - perl=5.22.2.1=0
  - pip=9.0.3=py36_0
  - pixman=0.34.0=2
  - pthread-stubs=0.4=h470a237_1
  - pyqtgraph=0.10.0=py_3
  - python-dateutil=2.7.3=py_0
  - pytz=2018.5=py_0
  - setuptools=40.0.0=py36_0
  - shapely=1.6.4=py36h164cb2d_1
  - six=1.11.0=py36_1
  - tk=8.6.8=0
  - wheel=0.31.1=py36_0
  - x264=1!152.20180717=h470a237_0
  - xorg-kbproto=1.0.7=h470a237_2
  - xorg-libice=1.0.9=h470a237_3
  - xorg-libsm=1.2.2=h470a237_3
  - xorg-libx11=1.6.5=h470a237_1
  - xorg-libxau=1.0.8=h470a237_5
  - xorg-libxdmcp=1.1.2=h470a237_6
  - xorg-libxext=1.3.3=h470a237_3
  - xorg-libxrender=0.9.10=h470a237_1
  - xorg-libxt=1.1.5=h470a237_1
  - xorg-renderproto=0.11.1=h470a237_2
  - xorg-xextproto=7.3.0=h470a237_2
  - xorg-xproto=7.0.31=h470a237_7
  - xz=5.2.3=0
  - zlib=1.2.11=h470a237_3
  - blas=1.0=mkl
  - ca-certificates=2018.03.07=0
  - cairo=1.14.12=hab642c4_1
  - certifi=2018.4.16=py36_0
  - dbus=1.13.2=h5243cc1_0
  - expat=2.2.5=hb8e80ba_0
  - glib=2.53.6=h33f6a65_2
  - harfbuzz=1.7.6=h08e020e_0
  - hdf5=1.10.1=ha036c08_1
  - intel-openmp=2018.0.3=0
  - jasper=1.900.1=h1f36771_4
  - libcxx=4.0.1=h579ed51_0
  - libcxxabi=4.0.1=hebd6815_0
  - libedit=3.1.20170329=hb402a30_2
  - libgfortran=3.0.1=h93005f0_2
  - libopus=1.2.1=h169cedb_0
  - libprotobuf=3.4.1=h326466f_0
  - libvpx=1.7.0=h378b8a2_0
  - mkl=2017.0.4=h1fae6ae_0
  - ncurses=6.1=h0a44026_0
  - numpy=1.12.1=py36_0
  - opencv=3.3.1=py36h60a5f38_1
  - openssl=1.0.2o=h26aff7b_0
  - pyqt=5.9.2=py36h655552a_0
  - python=3.6.5=hc167b69_1
  - qt=5.9.6=h74ce4d9_0
  - readline=7.0=hc1231fa_4
  - scikit-learn=0.19.0=np112py36_0
  - scipy=0.19.1=np112py36_0
  - sip=4.19.8=py36h0a44026_0
  - sqlite=3.24.0=ha441bb4_0
prefix: /Users/rito/miniconda3/envs/uma-dev

